B Boscam_A/TBS 16
1 5725
2 5745
3 5765
4 5785
5 5805
6 5825
7 5845
8 5865

B Boscam_B 16
1 5733
2 5752
3 5771
4 5790
5 5809
6 5828
7 5847
8 5866

B Boscam_E/DJI 16
4 5645
3 5665
2 5685
1 5705
5 5885
6 5905
7 5925
8 5945

B Boscam_F/IRC/FS 16
1 5740
2 5760
3 5780
4 5800
5 5820
6 5840
7 5860
8 5880

B Race_Band 16
1 5658
2 5695
3 5732
4 5769
5 5806
6 5843
7 5880
8 5917

B L_Band 16
1 5362
2 5399
3 5436
4 5473
5 5510
6 5547
7 5584
8 5621


B WLAN_A_10 10

7 5035 10 5030-5040
9 5045 10 5040-5050
11 5055 10 5050-5060
183 4915 10 4910-4920
185 4925 10 4920-4930
187 4935 10 4930-4940
189 4945 10 4940-4950

B WLAN_A_20 20
8 5040 20 5030-5050
12 5060 20 5050-5070
16 5080 20 5070-5090
36 5180 20 5170-5190
40 5200 20 5190-5210
44 5220 20 5210-5230
48 5240 20 5230-5250
52 5260 20 5250-5270
56 5280 20 5270-5290
60 5300 20 5290-5310
64 5320 20 5310-5330
100 5500 20 5490-5510
104 5520 20 5510-5530
108 5540 20 5530-5550
112 5560 20 5550-5570
116 5580 20 5570-5590
120 5600 20 5590-5610
124 5620 20 5610-5630
128 5640 20 5630-5650
132 5660 20 5650-5670
136 5680 20 5670-5690
140 5700 20 5690-5710
144 5720 20 5710-5730
149 5745 20 5735-5755
153 5765 20 5755-5775
157 5785 20 5775-5795
161 5805 20 5795-5815
165 5825 20 5815-5835
184 4920 20 4910-4930
188 4940 20 4930-4950
192 4960 20 4950-4970
196 4980 20 4970-4990

B WLAN_A_40 40

38 5190 40 5170-5210
46 5230 40 5210-5250
54 5270 40 5250-5290
62 5310 40 5290-5330
102 5510 40 5490-5530
110 5550 40 5530-5570
118 5590 40 5570-5610
126 5630 40 5610-5650
134 5670 40 5650-5690
142 5710 40 5690-5730
151 5755 40 5735-5775
159 5795 40 5775-5815

B WLAN_A_80 80

42 5210 80 5170-5250
58 5290 80 5250-5330
106 5530 80 5490-5570
122 5610 80 5570-5650
138 5690 80 5650-5730
155 5775 80 5735-5815

B WLAN_A_100 160
50 5250 160 5170-5330
114 5570 160 5490-5650

B ISM 150
ISM_5725_5875 5800


B Amateurfunk 200
Amateurfunk 5750

B Amateurfunk_ueber_Satelliten 20
Erde-Weltraum 5660
Weltraum-Erde 5840
